1.646181271
0.650744405
1.892575248
1.20670462
2.976768258
4.473499523
4.317955292
2.897311943
2.764199233
0.699058058
2.428589795
2.680717191
1.045444084
2.998018991
3.852981982
4.793639738
0.894597531
2.104503395
3.037585959
1.024250198
3.429827234
0.977740468
1.632521133
3.413516227
4.815190606
2.103628103
2.192258231
4.819465624
4.855727781
3.559845097
3.221917894
3.0593665
3.964837426
4.290106536
4.150211382
4.593260762
1.434758947
3.209818535
0.934822574
2.715820749
4.277558828
1.98721532
2.572966626
0.725683119
3.48425721
1.723840007
3.007324107
3.065956599
2.814793321
2.234696463
4.301255817
3.860503361
0.91983157
3.130648213
1.533933355
1.658456562
1.016810935
1.256876151
3.956978892
0.865607919
2.391177989
1.996131922
2.591598017
1.681504977
2.959197107
0.828627858
2.975450677
4.824001329
4.44347252
0.787395646
3.967519196
4.199895756
1.135125078
1.796839129
0.761395224
2.161245418
4.288085912
3.782240718
1.083205616
4.487000784
1.479534218
4.331822714
2.253627536
1.730460711
2.381626695
4.863177968
3.953372256
3.369081749
2.356642516
3.917688194
4.980999477
4.201112488
1.900191709
3.430457443
1.422030562
4.705459414
1.952177402
1.325904211
2.507997355
3.712925167
